第1幅图像的平均误差：0.0426755像素
第2幅图像的平均误差：0.0428317像素
第3幅图像的平均误差：0.0420301像素
第4幅图像的平均误差：0.0419175像素
第5幅图像的平均误差：0.04236像素
第6幅图像的平均误差：0.0419175像素
第7幅图像的平均误差：0.04236像素
第8幅图像的平均误差：0.0424583像素
第9幅图像的平均误差：0.0427328像素
总体平均误差：0.0423648像素

相机内参数矩阵：
[1904.105620847846, 0, 477.0913007190401;
 0, 1584.260864237517, 335.041039488862;
 0, 0, 1]
畸变系数：
[-0.6598141164257963, 7.181502384141547, 0.07306765585584894, 0.04107867237513699, -38.06203214033764]
第1幅图像的旋转向量：
[-0.06282968851280916;
 -3.21489703781084;
 0.5091834792454563]
第1幅图像的旋转矩阵：
[-0.9927683782261369, 0.05578112042226262, 0.1062987008325266;
 0.02020333746928631, 0.9504921496711908, -0.310091113333711;
 -0.1183333103963043, -0.3057010631611792, -0.9447455147460487]
第1幅图像的平移向量：
[3.814955986536907;
 -261.9044676825641;
 1287.173413244119]
第2幅图像的旋转向量：
[-0.06304130802731157;
 -3.215541021829986;
 0.5077114524613837]
第2幅图像的旋转矩阵：
[-0.9927168389823124, 0.05591610090665233, 0.1067083279803533;
 0.02031855711380022, 0.9507822457758679, -0.3091929451882918;
 -0.1187452476429217, -0.3047728839263655, -0.9449936800769767]
第2幅图像的平移向量：
[3.827198039029185;
 -262.3653598726597;
 1287.01286016268]
第3幅图像的旋转向量：
[-0.06259953740789097;
 -3.222435279870985;
 0.5071587838583056]
第3幅图像的旋转矩阵：
[-0.9919418017877918, 0.05653972958519812, 0.1133786613275266;
 0.0189811980543231, 0.951119385603888, -0.3082395634062989;
 -0.12526442426488, -0.3036036450817345, -0.9445282688764124]
第3幅图像的平移向量：
[-1.732195085791144;
 -262.3697295809789;
 1287.493125397408]
第4幅图像的旋转向量：
[-0.06028841894727337;
 -3.234318938399897;
 0.5210227868742684]
第4幅图像的旋转矩阵：
[-0.9902301969650334, 0.0575583970866904, 0.1270086136582945;
 0.0147615166530342, 0.9489846502611192, -0.3149765565798242;
 -0.1386587705292862, -0.3100244578958116, -0.9405629063819787]
第4幅图像的平移向量：
[-11.44359976450172;
 -252.5877326323437;
 1289.712310696556]
第5幅图像的旋转向量：
[-0.05580911443505577;
 -3.229361711614265;
 0.5454732440334957]
第5幅图像的旋转矩阵：
[-0.9904589642542971, 0.05569051799222121, 0.1260539818254983;
 0.01119843130493314, 0.9442079881898418, -0.3291593385805716;
 -0.1373522306503017, -0.3246072107089563, -0.9358229124632168]
第5幅图像的平移向量：
[-8.822767158939776;
 -240.9780329609816;
 1293.519744346909]
第6幅图像的旋转向量：
[-0.06028841894727353;
 -3.234318938399897;
 0.5210227868742678]
第6幅图像的旋转矩阵：
[-0.9902301969650334, 0.05755839708669047, 0.1270086136582945;
 0.01476151665303432, 0.9489846502611192, -0.3149765565798239;
 -0.1386587705292862, -0.3100244578958113, -0.9405629063819788]
第6幅图像的平移向量：
[-11.44359976450171;
 -252.5877326323438;
 1289.712310696556]
第7幅图像的旋转向量：
[-0.05580911443505555;
 -3.229361711614265;
 0.5454732440334957]
第7幅图像的旋转矩阵：
[-0.9904589642542971, 0.05569051799222108, 0.1260539818254983;
 0.011198431304933, 0.9442079881898418, -0.3291593385805716;
 -0.1373522306503016, -0.3246072107089563, -0.9358229124632168]
第7幅图像的平移向量：
[-8.822767158939808;
 -240.9780329609816;
 1293.519744346909]
第8幅图像的旋转向量：
[-0.05818344364957125;
 -3.232093734202667;
 0.5393355945490039]
第8幅图像的旋转矩阵：
[-0.9901783499972797, 0.05712071656608429, 0.1276090080505353;
 0.01259163896932851, 0.9454569122151492, -0.3255037292761196;
 -0.1392418249834819, -0.3206999390139829, -0.9368902087713891]
第8幅图像的平移向量：
[-9.970706191282845;
 -245.5406226960471;
 1292.04840276176]
第9幅图像的旋转向量：
[-0.05224359617440002;
 -3.233945210455766;
 0.5616210650397371]
第9幅图像的旋转矩阵：
[-0.9895476310075942, 0.05527163771531313, 0.1331935885526221;
 0.007127752983017321, 0.9412492652624667, -0.3376374028159203;
 -0.1440301395704077, -0.333158921097926, -0.9318049432087141]
第9幅图像的平移向量：
[-11.27159816523143;
 -233.6389226623826;
 1296.705922476591]

